#RoadsPlacement
1 (10.0,508.4,502.8,508.4) 
2 (502.8,511.6,10.0,511.6) 
3 (1010.0,511.6,517.2,511.6) 
4 (517.2,508.4,1010.0,508.4) 
5 (511.6,10.0,511.6,502.8) 
6 (508.4,502.8,508.4,10.0) 
7 (508.4,1010.0,508.4,517.2) 
8 (511.6,517.2,511.6,1010.0) 
9 (10.0,511.6,0.0,511.6) 
10 (0.0,508.4,10.0,508.4) 
11 (1010.0,508.4,1020.0,508.4) 
12 (1020.0,511.6,1010.0,511.6) 
13 (508.4,10.0,508.4,0.0) 
14 (511.6,0.0,511.6,10.0) 
15 (511.6,1010.0,511.6,1020.0) 
16 (508.4,1020.0,508.4,1010.0) 
#Vertices
1 ((506.8, 517.2), (513.2, 517.2), (517.2, 513.2), (517.2, 506.8), (513.2, 502.8), (506.8, 502.8), (502.8, 506.8), (502.8, 513.2), (506.8, 517.2)) 
2 ((10.0, 513.2), (10.0, 506.8), (10.0, 513.2)) 
3 ((1010.0, 513.2), (1010.0, 506.8), (1010.0, 513.2)) 
4 ((506.8, 10.0), (513.2, 10.0), (506.8, 10.0)) 
5 ((506.8, 1010.0), (513.2, 1010.0), (506.8, 1010.0)) 
6 ((0.0, 510.0), (0.0, 513.2), (0.0, 510.0)) 
7 ((1020.0, 510.0), (1020.0, 506.8), (1020.0, 510.0)) 
8 ((510.0, 0.0), (506.8, 0.0), (510.0, 0.0)) 
9 ((510.0, 1020.0), (513.2, 1020.0), (510.0, 1020.0)) 
